SKU,Filename,Status
100,100_Obey_Two Americas.png,In Stock
101,101_Obey_Two Americs.png,In Stock
102,102_Obey_women-vote-mural.png,In Stock
103,103_Obey_Ai-Weiwei.png,In Stock
104,104_Obey_Rose-Soldier_P.png,In Stock
105,105_OBEY_Fairwell-to-Freedom-Stephen-Colbert.png,In Stock
106,106_Obey_Democracy-Under-Siege.png,In Stock
11,11_Obey_Paul-McCartney-Change-Begins-P_P.png,In Stock
12,12_Obey_Global-Warning_P.png,In Stock
13,13_Obey_Sun-Paper-Print_P.png,In Stock
14,14_Obey_Let-Fury-Have-the-Hour-Print_P.png,In Stock
17,17_Obey_Basquiat-Canvas_P.png,In Stock
18,18_Obey_Keith-Haring-Canvas-Print--Gre_P.png,In Stock
2,2_Obey_Rose-Soldier_P.png,In Stock
20,20_Obey_Moon-over-Biloxi.png,In Stock
23,23_Obey_Celebration-Day.png,In Stock
24,24_Obey_Let-fury-have-the-hour.png,In Stock
25,25_Obey_Partisan.png,In Stock
26,26_Obey_Chinese Banner_Letterpress.png,In Stock
3,3_Obey_Chinese-Soldiers_P.png,In Stock
30,30_Obey_DEMAGOGUE_P.png,In Stock
33,33_Obey_God-Save-The-Queen.png,In Stock
35,35_Obey_Tunnel-Vision-Gold_L.png,In Stock
36,36_Obey_Tunnel-Vision-Blue_L.png,In Stock
4,4_Obey_Muhammad-Ali_L.png,In Stock
41,41_Obey_Mao-Lesser-Gods_P.png,In Stock
47,47_Obey_CATCH-A-FIRE-Red_P.png,In Stock
5,5_Obey_Peace-Goddess_P.png,In Stock
51,51_Obey_Snoop-DO-Double-G_P.png,In Stock
52,52_Obey_AK47-Lotus_P.png,In Stock
54,54_Obey_A-CHAMPION-OF-JUSTICE-Ruth-Bad_P.png,In Stock
55,55_Obey_Kurt-Cobain--Endless-Nameless_P.png,In Stock
6,6_Obey_Peace-Goddess-Gold_P.png,In Stock
60,60_Obey_Sedation-In-Bloom-Black-and-Bl_P.png,In Stock
61,61_Obey_Sedation-In-Bloom-Red-and-Gold_P.png,In Stock
62,62_Obey_Sedation-In-Bloom-Black-and-Cr_P.png,In Stock
63,63_Obey_Sedation-In-Bloom-Black-and-Re_P.png,In Stock
64,64_Obey_Sedation-In-Bloom-Blue-and-Bab_P.png,In Stock
65,65_Obey_Sedation in bloom - cream.png,In Stock
66,66_Obey_Sedation-In-Bloom-Cream-and-Bl_P.png,In Stock
67,67_Obey_Sedation-In-Bloom-Red-and-Crea_P.png,In Stock
69,69_Obey_EYES-ON-THE-KING-VERDICT_P.png,In Stock
7,7_Obey_Peace-Goddess-Red_P.png,In Stock
72,72_Obey_Rise-Above-Barbwire-Red_P.png,In Stock
80,80_Obey_WARHOL-COLLAGES-silver_P.png,In Stock
82,82_Obey_Bliss-at-clifts-edge.png,In Stock
83,83_Obey_Damaged-Stencil-Series_Natural Springs.png,In Stock
84,84_Obey_Damaged-Stencil-Series_Peace Guard 2.png,In Stock
85,85_Obey_Damaged-Stencil-Series_Learn-to-Obey.png,In Stock
86,86_Obey_Damaged-Stencil-Series_Freedom_of_Choise.png,In Stock
87,87_Obey_Damaged-Stencil-Series_Proud Parents.png,In Stock
88,88_Obey_Damaged-Stencil-Series_Printing-Press.png,In Stock
89,89_Obey_Damaged-Stencil-Series_My Florest is a dick.png,In Stock
9,9_Obey_Presidential-Seal-Red_P.png,In Stock
90,90_Obey_Damaged-Stencil-Series_Sinking-Liberty.png,In Stock
91,91_Obey_Strumerville.png,In Stock
94,94_Obey_Bob-Dylan.png,In Stock
95,95_Obey_The-Medium-Is-The-Message.png,In Stock
96,96_Obey_Putins-Ashes.png,In Stock
98,98_Obey_Endless-Power.png,In Stock
99,99_Obey_Worker's Rights.png,In Stock
